011100100010100010111110100010100010100010
111100100010100010111100100010100010111100
011100100010100000100000100000100010011100
111100100010100010100010100010100010111100
111110100000100000111100100000100000111110
111110100000100000111100100000100000100000
011100100010100000100000100110100010011100
100010100010100010111110100010100010100010
011100001000001000001000001000001000011100
001110000100000100000100000100100100011000
100010100100101000110000101000100100100010
100000100000100000100000100000100000111110
100010110110101010101010100010100010100010
100010100010110010101010100110100010100010
011100100010100010100010100010100010011100
111100100010100010111100100000100000100000
011100100010100010100010101010100100011010
111100100010100010111100101000100100100010
011110100000100000011100000010000010111100
111110001000001000001000001000001000001000
100010100010100010100010100010100010011100
100010100010100010100010010100010100001000
100010100010100010101010101010101010010100
100010100010010100001000010100100010100010
100010100010010100001000001000001000001000
111110000010000100001000010000100000111110
